[app/install/install_source_checksum]
version = 9.0.1
modtime = 1664829685.940190000

[app/install/state]
version = 9.0.1
modtime = 1664829691.190471000
